0 126 126
1 150 50
2 970 50
3 970 628
4 900 640
5 44 164
6 44 727
7 850 697
8 345 290
9 526 228
10 660 285
11 671 477
12 362 482
13 487 545
14 300 50
15 450 50
16 600 50
17 750 50
18 970 200
19 970 350
20 970 450
21 970 600
22 44 300
23 44 450
24 44 600
25 200 727
26 350 727
27 500 727
28 650 727
connections
0 1
1 14
14 2
2 15
15 3
3 4
0 5
5 16
16 6
6 17
17 7
4 7
0 8
8 9
9 10
10 11
11 4
8 12
12 13
13 11
paths
0 1 14 15 16 17 2 18 19 20 21 3 4
0 5 22 23 24 6 25 26 27 28 7 4
0 8 9 10 11 4
0 8 12 13 11 4
